2 0.0002135899999998969
5 3.6130000000156316e-05
10 0.0001096700000012163
12 4.7740000000828785e-05
15 7.023999999873354e-05
20 4.903999999896769e-05
30 7.612999999935255e-05
40 0.00014699000000035768
45 0.00016461000000020932
50 0.0001843999999991297
55 0.00021397000000149545
60 0.00028512999999819044
75 0.00030481000000222026
100 0.001277809999999846
125 0.00165523999999877
160 0.001860640000000302
200 0.0024174200000004475
250 0.005025799999999947
350 0.01802560999999798
500 0.03141634999999852
600 0.06560478000000032
800 0.07985687999999982
1000 0.12384220000000071
2000 0.7853604100000006
5000 11.909694109999998
10000 65.75850187
