2 3.616999999991322e-05
5 2.4470000000320623e-05
10 4.808999999994512e-05
12 2.699000000063734e-05
15 4.687000000060948e-05
20 3.639999999975885e-05
30 4.797000000067442e-05
40 9.62400000005914e-05
45 0.00010620000000045593
50 0.00011565000000075542
55 0.00013478999999918528
60 0.0001339100000002702
75 0.0001599599999998702
100 0.0003486100000003489
125 0.0005118199999984086
160 0.001836599999997901
200 0.0015818700000004072
250 0.002101159999998714
350 0.005116739999998998
500 0.0119725399999993
600 0.01888187000000059
800 0.02284240999999909
1000 0.044143510000001385
2000 0.2544267900000001
5000 3.678989749999998
10000 19.443552999999962
