2 7.953999993333127e-05
5 9.603999988030409e-05
10 4.90999998874031e-05
12 5.8059999901161063e-05
15 5.787999998574378e-05
20 5.712000001949491e-05
30 6.933999975444749e-05
40 8.12399997812463e-05
45 9.610000015527475e-05
50 0.00010259999999107094
55 0.00013498000007530208
60 0.00012475999992602737
75 0.00012402000011206836
100 0.00017654000002949034
125 0.0002552000001742272
160 0.00035415999991528224
200 0.0007107399998858455
250 0.0012879599998996127
350 0.002588320000177191
500 0.006452360000002955
600 0.01139605999997002
800 0.03392456000001402
1000 0.02650958000012906
2000 0.18514773999995668
5000 1.8970746799997869
10000 12.392486259999895
