2 0.00010410000013507669
5 8.818000023893546e-05
10 6.055999983800575e-05
12 6.713999991916352e-05
15 6.666000008408446e-05
20 7.252000013977523e-05
30 0.00011144000018248335
40 0.00012115999998059123
45 0.00011706000004778616
50 0.00012325999978202162
55 0.00018866000009438723
60 0.00016132000000652625
75 0.0001873200002592057
100 0.00022111999987828312
125 0.00040549999994254904
160 0.0005302799998389673
200 0.0009538000000247848
250 0.0017907599998579827
350 0.0034269999998286947
500 0.009652660000028845
600 0.025770559999909893
800 0.02820649999957823
1000 0.039338799999859474
2000 0.24666933999997126
5000 2.817112160000215
10000 21.032302340000022
