2 7.49000000723754e-05
5 6.837999953859252e-05
10 4.561999994621146e-05
12 5.4500000078405717e-05
15 4.97199996971176e-05
20 5.2580000010493676e-05
30 6.319999974948586e-05
40 7.576000007247785e-05
45 8.398000009037787e-05
50 8.564000017940998e-05
55 0.00012431999984983123
60 0.00012487999993027188
75 0.00012577999987115618
100 0.00015718000013293932
125 0.00021581999990303303
160 0.00033469999980297873
200 0.0007149799999751849
250 0.001109559999895282
350 0.0027612199999566657
500 0.00712839999996504
600 0.009832740000092599
800 0.018792600000233507
1000 0.028229859999919428
2000 0.18111559999961174
5000 2.0184264599998643
10000 10.928819980000117
