2 6.121999995229998e-05
5 8.246000015788013e-05
10 4.4120000166003595e-05
12 4.533999999694061e-05
15 4.9500000022817404e-05
20 5.115999992995057e-05
30 8.164000028045847e-05
40 0.00010475999988557305
45 0.00011070000000472646
50 0.00012267999991308898
55 0.00017560000014782418
60 0.00017472000017733081
75 0.00023093999989214352
100 0.0003125600000203121
125 0.0006137200000011945
160 0.0012832599999455852
200 0.001671599999826867
250 0.005108780000045954
350 0.009709339999972144
500 0.025695119999909366
600 0.037567940000189995
800 0.0712435799994637
1000 0.10734545999966941
2000 0.6201647999998385
5000 8.00335664000013
10000 64.80626171999992
