2 0.0001002799997877446
5 0.00011493999991216697
10 6.252000021049753e-05
12 7.20599999112892e-05
15 7.337999977607979e-05
20 7.779999996273545e-05
30 0.00010164000013901386
40 0.00011432000010245247
45 0.0001234399996974389
50 0.00014056000054551987
55 0.0001967599999261438
60 0.00018120000004273606
75 0.00018851999993785284
100 0.00030874000003677793
125 0.00045666000005439855
160 0.0005856400000993744
200 0.0012838799999371985
250 0.002841720000105852
350 0.0028602199998204016
500 0.009204719999979715
600 0.0160223800001404
800 0.02758320000011736
1000 0.03825859999997192
2000 0.3000765999999203
5000 2.8286568200001057
10000 19.435107260000223
