2 3.8719999975000977e-05
5 5.122000020492123e-05
10 2.1919999926467427e-05
12 2.4199999825214035e-05
15 2.59600003118976e-05
20 3.121999961877009e-05
30 4.173999986960553e-05
40 5.469999996421393e-05
45 5.904000008740695e-05
50 6.409999969037017e-05
55 9.181999994325451e-05
60 8.743999987927963e-05
75 0.00011269999995420222
100 0.00013240000007499474
125 0.000293499999861524
160 0.0003413000000364264
200 0.0011112399997728062
250 0.0016524599997865153
350 0.0038424599999416385
500 0.008190719999765861
600 0.013460619999932533
800 0.024258300000110467
1000 0.035612299999957034
2000 0.19952239999965968
5000 2.276830279999922
10000 19.204973159999827
